1 Watch out for rocks
0 0 |0 200 |500 200 |500 0 |0 0
20 100
480 30 
2
200 0 |260 0 |230 40 |200 0
300 200 |340 160 |380 200 |300 200 
2 Corner
0 0 |0 150 |200 150 |200 250 |350 250 |350 0 |0 0
25 75
275 225
3
200 150 |250 250 |200 250 |200 150
350 150 |350 250 |300 250 |350 150
250 0 |350 0 |350 100 |250 0

3 Two Paths
0 0 |0 400 |550 400 |550 0 |0 0
275 375
275 175
6
250 0 |300 0 |300 100 |250 100 |250 0
0 150 |50 150 |50 200 |0 200 |0 150
50 250 |100 250 |100 300 |50 300 |50 250
500 150 |550 150 |550 200 |500 200 |500 150
450 250 |500 250 |500 300 |450 300 |450 250
450 100 |450 300 |100 300 |100 100 |200 100 |200 250 |350 250 |350 100 |450 100

4 Spiral
0 0 |0 100 |300 100 |300 300 |100 300 |100 250 |250 250 |250 150 |0 150 |0 400 |400 400 |400 0 |0 0
50 50
200 200
4
350 0 |400 0 |400 50 |350 0 
400 350 |400 400 |350 400 |400 350
0 400 |0 350 |50 400 |0 400 
0 150 |50 150 |0 200 |0 150 

5 Pentagon
200 50 |400 200 |300 400 |100 400 |0 200 |200 50 
200 350
200 250
4
150 150 |200 200 |250 150 |150 150
140 300 |140 250 |150 250 |150 300 |140 300
150 300 |150 290 |250 290 |250 300 |150 300
250 300 |250 250 |260 250 |260 300 |250 300

6 Zig Zag
0 0|0 350|500 350|500 0|350 0|350 250|150 250|150 0|0 0
75 25
425 25
8
0 50|75 100|0 150|0 50
0 250|75 300|0 350|0 250
150 150|150 250|75 200|150 150
150 250|250 250|200 300|150 250
250 350|300 300|350 350|250 350
500 350|425 300|500 250|500 350
350 150|350 250|425 200|350 150
500 50|500 150|425 100|500 50